Temperature	Resistance	Time	Current	V+	V-	T+	T-
K	Ohm	sec	A	V	V	K	K

369.823000E+0	1.767010E+1	1.616042E+2	2.000000E-6	5.417629E-5	-1.650411E-5	3.698180E+2	3.698280E+2
369.804000E+0	1.751626E+1	1.661829E+2	2.000000E-6	5.370945E-5	-1.635557E-5	3.698200E+2	3.697880E+2
369.637500E+0	1.756282E+1	1.707725E+2	2.000000E-6	5.363401E-5	-1.661728E-5	3.696920E+2	3.695830E+2
369.277500E+0	1.752333E+1	1.753441E+2	2.000000E-6	5.313416E-5	-1.695916E-5	3.693710E+2	3.691840E+2
368.758000E+0	1.754455E+1	1.799138E+2	2.000000E-6	5.274752E-5	-1.743070E-5	3.688830E+2	3.686330E+2
368.092500E+0	1.748208E+1	1.844999E+2	2.000000E-6	5.206381E-5	-1.786452E-5	3.682410E+2	3.679440E+2
367.337500E+0	1.751450E+1	1.890836E+2	2.000000E-6	5.174079E-5	-1.831722E-5	3.675000E+2	3.671750E+2
366.532500E+0	1.756165E+1	1.936717E+2	2.000000E-6	5.137533E-5	-1.887129E-5	3.667020E+2	3.663630E+2
365.715000E+0	1.745440E+1	1.982373E+2	2.000000E-6	5.084256E-5	-1.897503E-5	3.658950E+2	3.655350E+2
364.899500E+0	1.751628E+1	2.028168E+2	2.000000E-6	5.055251E-5	-1.951260E-5	3.650680E+2	3.647310E+2
364.100500E+0	1.750215E+1	2.074017E+2	2.000000E-6	4.978633E-5	-2.022228E-5	3.642620E+2	3.639390E+2
363.337500E+0	1.749448E+1	2.119893E+2	2.000000E-6	4.940671E-5	-2.057122E-5	3.634910E+2	3.631840E+2
362.613000E+0	1.756817E+1	2.165735E+2	2.000000E-6	4.909786E-5	-2.117481E-5	3.627590E+2	3.624670E+2
361.924500E+0	1.750628E+1	2.211467E+2	2.000000E-6	4.875366E-5	-2.127147E-5	3.620630E+2	3.617860E+2
361.282500E+0	1.754460E+1	2.257172E+2	2.000000E-6	4.852968E-5	-2.164872E-5	3.614150E+2	3.611500E+2
360.651500E+0	1.755108E+1	2.302873E+2	2.000000E-6	4.815480E-5	-2.204953E-5	3.607800E+2	3.605230E+2
360.037500E+0	1.757231E+1	2.348762E+2	2.000000E-6	4.818548E-5	-2.210376E-5	3.601630E+2	3.599120E+2
359.434000E+0	1.753813E+1	2.394486E+2	2.000000E-6	4.744518E-5	-2.270734E-5	3.595580E+2	3.593100E+2
358.845500E+0	1.764069E+1	2.440183E+2	2.000000E-6	4.732491E-5	-2.323784E-5	3.589700E+2	3.587210E+2
358.240000E+0	1.760650E+1	2.486049E+2	2.000000E-6	4.707027E-5	-2.335572E-5	3.583660E+2	3.581140E+2
357.628000E+0	1.758412E+1	2.531908E+2	2.000000E-6	4.649739E-5	-2.383907E-5	3.577550E+2	3.575010E+2
357.011000E+0	1.765603E+1	2.577809E+2	2.000000E-6	4.656814E-5	-2.405598E-5	3.571390E+2	3.568830E+2
356.390000E+0	1.769788E+1	2.623490E+2	2.000000E-6	4.618856E-5	-2.460298E-5	3.565190E+2	3.562610E+2
355.780500E+0	1.767017E+1	2.669242E+2	2.000000E-6	4.569576E-5	-2.498493E-5	3.559090E+2	3.556520E+2
355.158500E+0	1.781459E+1	2.715055E+2	2.000000E-6	4.581601E-5	-2.544233E-5	3.552870E+2	3.550300E+2
354.543500E+0	1.780634E+1	2.760813E+2	2.000000E-6	4.528320E-5	-2.594217E-5	3.546700E+2	3.544170E+2
353.932000E+0	1.776155E+1	2.806549E+2	2.000000E-6	4.471737E-5	-2.632883E-5	3.540580E+2	3.538060E+2
353.334500E+0	1.784761E+1	2.852237E+2	2.000000E-6	4.490362E-5	-2.648680E-5	3.534610E+2	3.532080E+2
352.723000E+0	1.799791E+1	2.898114E+2	2.000000E-6	4.463956E-5	-2.735209E-5	3.528490E+2	3.525970E+2
352.110000E+0	1.797434E+1	2.943924E+2	2.000000E-6	4.436373E-5	-2.753365E-5	3.522370E+2	3.519830E+2
351.496000E+0	1.804920E+1	2.989607E+2	2.000000E-6	4.402654E-5	-2.817024E-5	3.516230E+2	3.513690E+2
350.894500E+0	1.821366E+1	3.035371E+2	2.000000E-6	4.415388E-5	-2.870074E-5	3.510220E+2	3.507670E+2
350.278000E+0	1.823134E+1	3.081086E+2	2.000000E-6	4.381438E-5	-2.911098E-5	3.504050E+2	3.501510E+2
349.661500E+0	1.830502E+1	3.126995E+2	2.000000E-6	4.366114E-5	-2.955895E-5	3.497890E+2	3.495340E+2
349.045500E+0	1.847655E+1	3.172838E+2	2.000000E-6	4.356447E-5	-3.034173E-5	3.491730E+2	3.489180E+2
348.436000E+0	1.870701E+1	3.218513E+2	2.000000E-6	4.374365E-5	-3.108439E-5	3.485700E+2	3.483020E+2
347.828000E+0	1.887737E+1	3.264303E+2	2.000000E-6	4.383562E-5	-3.167385E-5	3.479550E+2	3.477010E+2
347.214500E+0	1.908189E+1	3.310135E+2	2.000000E-6	4.389217E-5	-3.243540E-5	3.473410E+2	3.470880E+2
346.603000E+0	1.923928E+1	3.356017E+2	2.000000E-6	4.405488E-5	-3.290223E-5	3.467290E+2	3.464770E+2
345.992000E+0	1.942435E+1	3.401864E+2	2.000000E-6	4.405250E-5	-3.364491E-5	3.461180E+2	3.458660E+2
345.381500E+0	1.982222E+1	3.447572E+2	2.000000E-6	4.473152E-5	-3.455737E-5	3.455070E+2	3.452560E+2
344.784000E+0	2.002086E+1	3.493301E+2	2.000000E-6	4.476686E-5	-3.531657E-5	3.449100E+2	3.446580E+2
344.174000E+0	2.042697E+1	3.539160E+2	2.000000E-6	4.525254E-5	-3.645535E-5	3.443000E+2	3.440480E+2
343.563000E+0	2.075882E+1	3.585010E+2	2.000000E-6	4.543881E-5	-3.759649E-5	3.436890E+2	3.434370E+2
342.953000E+0	2.121917E+1	3.630704E+2	2.000000E-6	4.597872E-5	-3.889798E-5	3.430790E+2	3.428270E+2
342.356000E+0	2.171841E+1	3.676399E+2	2.000000E-6	4.670955E-5	-4.016409E-5	3.424820E+2	3.422300E+2
341.745500E+0	2.235324E+1	3.722203E+2	2.000000E-6	4.770924E-5	-4.170370E-5	3.418720E+2	3.416190E+2
341.134500E+0	2.323795E+1	3.768063E+2	2.000000E-6	4.923697E-5	-4.371483E-5	3.412610E+2	3.410080E+2
340.523500E+0	2.408555E+1	3.813723E+2	2.000000E-6	5.046534E-5	-4.587686E-5	3.406500E+2	3.403970E+2
339.924500E+0	2.523200E+1	3.859387E+2	2.000000E-6	5.223828E-5	-4.868970E-5	3.400510E+2	3.397980E+2
339.312500E+0	2.656409E+1	3.905180E+2	2.000000E-6	5.455818E-5	-5.169817E-5	3.394390E+2	3.391860E+2
338.699000E+0	2.842491E+1	3.951033E+2	2.000000E-6	5.763258E-5	-5.606706E-5	3.388260E+2	3.385720E+2
338.085000E+0	3.092703E+1	3.996742E+2	2.000000E-6	6.231253E-5	-6.139559E-5	3.382120E+2	3.379580E+2
337.484000E+0	3.421897E+1	4.042477E+2	2.000000E-6	6.822552E-5	-6.865035E-5	3.376110E+2	3.373570E+2
336.869000E+0	3.902398E+1	4.088388E+2	2.000000E-6	7.687107E-5	-7.922484E-5	3.369960E+2	3.367420E+2
336.254000E+0	4.621320E+1	4.134218E+2	2.000000E-6	8.950335E-5	-9.534946E-5	3.363810E+2	3.361270E+2
335.639000E+0	5.747183E+1	4.179967E+2	2.000000E-6	1.095717E-4	-1.203156E-4	3.357660E+2	3.355120E+2
335.025000E+0	7.697595E+1	4.225657E+2	2.000000E-6	1.436964E-4	-1.642074E-4	3.351520E+2	3.348980E+2
334.423500E+0	1.106953E+2	4.271351E+2	2.000000E-6	2.035666E-4	-2.392144E-4	3.345500E+2	3.342970E+2
333.810000E+0	1.743309E+2	4.317272E+2	2.000000E-6	3.148975E-4	-3.824261E-4	3.339370E+2	3.336830E+2
333.196000E+0	2.724042E+2	4.363081E+2	2.000000E-6	4.981365E-4	-5.914803E-4	3.333230E+2	3.330690E+2
332.583500E+0	3.908629E+2	4.408814E+2	2.000000E-6	7.307974E-4	-8.326543E-4	3.327100E+2	3.324570E+2
331.985500E+0	5.263125E+2	4.454472E+2	2.000000E-6	1.002653E-3	-1.102597E-3	3.321120E+2	3.318590E+2
331.374000E+0	6.457925E+2	4.500282E+2	2.000000E-6	1.223612E-3	-1.359558E-3	3.315000E+2	3.312480E+2
330.763000E+0	7.743662E+2	4.546128E+2	2.000000E-6	1.492512E-3	-1.604953E-3	3.308890E+2	3.306370E+2
330.152000E+0	8.837883E+2	4.592013E+2	2.000000E-6	1.729848E-3	-1.805305E-3	3.302780E+2	3.300260E+2
329.541000E+0	9.711823E+2	4.637756E+2	2.000000E-6	1.901799E-3	-1.982930E-3	3.296670E+2	3.294150E+2
328.944000E+0	1.039606E+3	4.683478E+2	2.000000E-6	2.052892E-3	-2.105530E-3	3.290700E+2	3.288180E+2
328.333000E+0	1.112684E+3	4.729308E+2	2.000000E-6	2.177837E-3	-2.272899E-3	3.284590E+2	3.282070E+2
327.722500E+0	1.198793E+3	4.775128E+2	2.000000E-6	2.346746E-3	-2.448424E-3	3.278490E+2	3.275960E+2
327.111500E+0	1.322061E+3	4.820814E+2	2.000000E-6	2.602977E-3	-2.685268E-3	3.272380E+2	3.269850E+2
326.513500E+0	1.404724E+3	4.866524E+2	2.000000E-6	2.776826E-3	-2.842070E-3	3.266400E+2	3.263870E+2
325.900500E+0	1.573220E+3	4.912303E+2	2.000000E-6	3.116217E-3	-3.176661E-3	3.260270E+2	3.257740E+2
325.288500E+0	1.633596E+3	4.958052E+2	2.000000E-6	3.241909E-3	-3.292475E-3	3.254150E+2	3.251620E+2
324.675500E+0	1.699233E+3	5.003733E+2	2.000000E-6	3.363852E-3	-3.433079E-3	3.248020E+2	3.245490E+2
324.077000E+0	1.788582E+3	5.049443E+2	2.000000E-6	3.546411E-3	-3.607916E-3	3.242030E+2	3.239510E+2
323.465500E+0	1.855034E+3	5.095362E+2	2.000000E-6	3.680304E-3	-3.739830E-3	3.235920E+2	3.233390E+2
322.854500E+0	1.921453E+3	5.141195E+2	2.000000E-6	3.804309E-3	-3.881503E-3	3.229810E+2	3.227280E+2
322.243500E+0	1.983880E+3	5.186882E+2	2.000000E-6	3.941987E-3	-3.993532E-3	3.223700E+2	3.221170E+2
321.645500E+0	2.031900E+3	5.232603E+2	2.000000E-6	4.037996E-3	-4.089605E-3	3.217720E+2	3.215190E+2
321.034500E+0	2.081884E+3	5.278374E+2	2.000000E-6	4.129212E-3	-4.198325E-3	3.211610E+2	3.209080E+2
320.423000E+0	2.149507E+3	5.324196E+2	2.000000E-6	4.266232E-3	-4.331795E-3	3.205490E+2	3.202970E+2
319.811500E+0	2.197493E+3	5.369912E+2	2.000000E-6	4.368294E-3	-4.421679E-3	3.199380E+2	3.196850E+2
319.212500E+0	2.245818E+3	5.415647E+2	2.000000E-6	4.456149E-3	-4.527121E-3	3.193390E+2	3.190860E+2
318.600500E+0	2.291134E+3	5.461477E+2	2.000000E-6	4.557392E-3	-4.607142E-3	3.187270E+2	3.184740E+2
317.987500E+0	2.393351E+3	5.507367E+2	2.000000E-6	4.755131E-3	-4.818271E-3	3.181140E+2	3.178610E+2
317.375000E+0	2.440652E+3	5.553221E+2	2.000000E-6	4.852328E-3	-4.910279E-3	3.175010E+2	3.172490E+2
316.762500E+0	2.486022E+3	5.598926E+2	2.000000E-6	4.945345E-3	-4.998743E-3	3.168890E+2	3.166360E+2
316.163000E+0	2.539708E+3	5.644628E+2	2.000000E-6	5.052150E-3	-5.106680E-3	3.162890E+2	3.160370E+2
315.550500E+0	2.583229E+3	5.690411E+2	2.000000E-6	5.140000E-3	-5.192916E-3	3.156770E+2	3.154240E+2
314.939000E+0	2.622267E+3	5.736237E+2	2.000000E-6	5.221566E-3	-5.267500E-3	3.150640E+2	3.148140E+2
314.333000E+0	2.663471E+3	5.782112E+2	2.000000E-6	5.303693E-3	-5.350192E-3	3.144580E+2	3.142080E+2
313.727000E+0	2.705311E+3	5.827868E+2	2.000000E-6	5.385695E-3	-5.435548E-3	3.138520E+2	3.136020E+2
313.132500E+0	2.755164E+3	5.873601E+2	2.000000E-6	5.484765E-3	-5.535892E-3	3.132580E+2	3.130070E+2
312.524500E+0	2.798407E+3	5.919422E+2	2.000000E-6	5.572229E-3	-5.621397E-3	3.126500E+2	3.123990E+2
311.916000E+0	2.839166E+3	5.965138E+2	2.000000E-6	5.651101E-3	-5.705564E-3	3.120420E+2	3.117900E+2
311.304500E+0	2.877579E+3	6.010844E+2	2.000000E-6	5.727348E-3	-5.782966E-3	3.114310E+2	3.111780E+2
310.705000E+0	2.916197E+3	6.056565E+2	2.000000E-6	5.803624E-3	-5.861164E-3	3.108320E+2	3.105780E+2
310.089500E+0	2.950284E+3	6.102444E+2	2.000000E-6	5.870845E-3	-5.930292E-3	3.102170E+2	3.099620E+2
309.473000E+0	2.991937E+3	6.148294E+2	2.000000E-6	5.957439E-3	-6.010311E-3	3.096000E+2	3.093460E+2
308.856000E+0	3.035180E+3	6.194162E+2	2.000000E-6	6.032425E-3	-6.108295E-3	3.089840E+2	3.087280E+2
308.243500E+0	3.074318E+3	6.239850E+2	2.000000E-6	6.132142E-3	-6.165129E-3	3.083780E+2	3.081090E+2
307.630500E+0	3.118701E+3	6.285577E+2	2.000000E-6	6.210886E-3	-6.263918E-3	3.077590E+2	3.075020E+2
307.009500E+0	3.164268E+3	6.331440E+2	2.000000E-6	6.296325E-3	-6.360746E-3	3.071380E+2	3.068810E+2
306.386000E+0	3.243543E+3	6.377308E+2	2.000000E-6	6.456745E-3	-6.517427E-3	3.065150E+2	3.062570E+2
305.763500E+0	3.288126E+3	6.422995E+2	2.000000E-6	6.545107E-3	-6.607399E-3	3.058920E+2	3.056350E+2
305.153500E+0	3.342256E+3	6.468742E+2	2.000000E-6	6.644686E-3	-6.724336E-3	3.052820E+2	3.050250E+2
304.530500E+0	3.394523E+3	6.514597E+2	2.000000E-6	6.759988E-3	-6.818106E-3	3.046590E+2	3.044020E+2
303.910000E+0	3.440385E+3	6.560351E+2	2.000000E-6	6.845113E-3	-6.916426E-3	3.040380E+2	3.037820E+2
303.291500E+0	3.499933E+3	6.606013E+2	2.000000E-6	6.960754E-3	-7.038977E-3	3.034190E+2	3.031640E+2
302.688000E+0	3.548426E+3	6.651737E+2	2.000000E-6	7.061738E-3	-7.131966E-3	3.028150E+2	3.025610E+2
302.073500E+0	3.597120E+3	6.697651E+2	2.000000E-6	7.166008E-3	-7.222473E-3	3.022000E+2	3.019470E+2
301.462000E+0	3.640620E+3	6.743500E+2	2.000000E-6	7.246881E-3	-7.315601E-3	3.015880E+2	3.013360E+2
300.852500E+0	3.686243E+3	6.789373E+2	2.000000E-6	7.340899E-3	-7.404073E-3	3.009780E+2	3.007270E+2
300.246000E+0	3.730963E+3	6.835235E+2	2.000000E-6	7.431770E-3	-7.492082E-3	3.003710E+2	3.001210E+2
299.641500E+0	3.781103E+3	6.880930E+2	2.000000E-6	7.518996E-3	-7.605416E-3	2.997660E+2	2.995170E+2
299.051500E+0	3.839431E+3	6.926648E+2	2.000000E-6	7.644611E-3	-7.713114E-3	2.991760E+2	2.989270E+2
298.449000E+0	3.882552E+3	6.972525E+2	2.000000E-6	7.730378E-3	-7.799831E-3	2.985730E+2	2.983250E+2
297.847500E+0	3.932685E+3	7.018396E+2	2.000000E-6	7.831069E-3	-7.899669E-3	2.979720E+2	2.977230E+2
297.246000E+0	3.978101E+3	7.064073E+2	2.000000E-6	7.921097E-3	-7.991306E-3	2.973700E+2	2.971220E+2
296.658500E+0	4.023934E+3	7.109815E+2	2.000000E-6	8.018654E-3	-8.077084E-3	2.967820E+2	2.965350E+2
296.059500E+0	4.071890E+3	7.155656E+2	2.000000E-6	8.106081E-3	-8.181478E-3	2.961830E+2	2.959360E+2
295.460500E+0	4.115755E+3	7.201395E+2	2.000000E-6	8.198310E-3	-8.264711E-3	2.955840E+2	2.953370E+2
294.861500E+0	4.166059E+3	7.247092E+2	2.000000E-6	8.292031E-3	-8.372207E-3	2.949850E+2	2.947380E+2
294.273500E+0	4.217583E+3	7.292787E+2	2.000000E-6	8.394705E-3	-8.475628E-3	2.943980E+2	2.941490E+2
293.671000E+0	4.264227E+3	7.338723E+2	2.000000E-6	8.492333E-3	-8.564574E-3	2.937960E+2	2.935460E+2
293.067000E+0	4.312559E+3	7.384566E+2	2.000000E-6	8.590243E-3	-8.659991E-3	2.931920E+2	2.929420E+2
292.462000E+0	4.364999E+3	7.430440E+2	2.000000E-6	8.689190E-3	-8.770806E-3	2.925870E+2	2.923370E+2
291.857000E+0	4.416657E+3	7.476112E+2	2.000000E-6	8.796665E-3	-8.869962E-3	2.919820E+2	2.917320E+2
291.265000E+0	4.465904E+3	7.521803E+2	2.000000E-6	8.894380E-3	-8.969234E-3	2.913900E+2	2.911400E+2
290.658000E+0	4.514692E+3	7.567578E+2	2.000000E-6	8.994365E-3	-9.064404E-3	2.907830E+2	2.905330E+2
290.051000E+0	4.575270E+3	7.613280E+2	2.000000E-6	9.108131E-3	-9.192949E-3	2.901760E+2	2.899260E+2
289.854500E+0	4.625355E+3	8.249370E+2	2.000000E-6	9.228618E-3	-9.272802E-3	2.898450E+2	2.898640E+2
289.903500E+0	4.621158E+3	8.295143E+2	2.000000E-6	9.226581E-3	-9.258049E-3	2.898890E+2	2.899180E+2
290.036500E+0	4.608779E+3	8.340829E+2	2.000000E-6	9.211441E-3	-9.223673E-3	2.899920E+2	2.900810E+2
290.369500E+0	4.580166E+3	8.386670E+2	2.000000E-6	9.157264E-3	-9.163399E-3	2.902760E+2	2.904630E+2
290.959500E+0	4.539305E+3	8.432521E+2	2.000000E-6	9.088875E-3	-9.068346E-3	2.908100E+2	2.911090E+2
291.790000E+0	4.480225E+3	8.478438E+2	2.000000E-6	8.971773E-3	-8.949126E-3	2.916010E+2	2.919790E+2
292.744500E+0	4.410404E+3	8.524199E+2	2.000000E-6	8.837209E-3	-8.804409E-3	2.925430E+2	2.929460E+2
293.669000E+0	4.343199E+3	8.569873E+2	2.000000E-6	8.696734E-3	-8.676061E-3	2.934830E+2	2.938550E+2
294.508000E+0	4.283920E+3	8.615678E+2	2.000000E-6	8.576160E-3	-8.559520E-3	2.943470E+2	2.946690E+2
295.234000E+0	4.230408E+3	8.661526E+2	2.000000E-6	8.465154E-3	-8.456479E-3	2.950940E+2	2.953740E+2
295.875000E+0	4.176324E+3	8.707198E+2	2.000000E-6	8.358788E-3	-8.346507E-3	2.957490E+2	2.960010E+2
296.460000E+0	4.128700E+3	8.752938E+2	2.000000E-6	8.261300E-3	-8.253501E-3	2.963380E+2	2.965820E+2
297.059500E+0	4.087325E+3	8.798887E+2	2.000000E-6	8.176142E-3	-8.173156E-3	2.969340E+2	2.971850E+2
297.681000E+0	4.039052E+3	8.844722E+2	2.000000E-6	8.083151E-3	-8.073056E-3	2.975500E+2	2.978120E+2
298.327500E+0	3.993768E+3	8.890468E+2	2.000000E-6	7.994099E-3	-7.980975E-3	2.981920E+2	2.984630E+2
298.986500E+0	3.943809E+3	8.936199E+2	2.000000E-6	7.896740E-3	-7.878497E-3	2.988500E+2	2.991230E+2
299.632000E+0	3.897701E+3	8.981936E+2	2.000000E-6	7.801168E-3	-7.789637E-3	2.994960E+2	2.997680E+2
300.284500E+0	3.849325E+3	9.027747E+2	2.000000E-6	7.707030E-3	-7.690269E-3	3.001510E+2	3.004180E+2
300.925000E+0	3.801997E+3	9.073587E+2	2.000000E-6	7.610883E-3	-7.597107E-3	3.007940E+2	3.010560E+2
301.555500E+0	3.758959E+3	9.119468E+2	2.000000E-6	7.522834E-3	-7.513002E-3	3.014260E+2	3.016850E+2
302.180000E+0	3.716547E+3	9.165230E+2	2.000000E-6	7.441330E-3	-7.424859E-3	3.020510E+2	3.023090E+2
302.790000E+0	3.671288E+3	9.210931E+2	2.000000E-6	7.344089E-3	-7.341061E-3	3.026610E+2	3.029190E+2
303.416500E+0	3.614242E+3	9.256771E+2	2.000000E-6	7.238251E-3	-7.218716E-3	3.032870E+2	3.035460E+2
304.044500E+0	3.570742E+3	9.302629E+2	2.000000E-6	7.150340E-3	-7.132626E-3	3.039150E+2	3.041740E+2
304.671500E+0	3.528168E+3	9.348497E+2	2.000000E-6	7.064020E-3	-7.048654E-3	3.045420E+2	3.048010E+2
305.296500E+0	3.485708E+3	9.394225E+2	2.000000E-6	6.978909E-3	-6.963922E-3	3.051680E+2	3.054250E+2
305.905000E+0	3.441841E+3	9.439969E+2	2.000000E-6	6.893983E-3	-6.873381E-3	3.057770E+2	3.060330E+2
306.523000E+0	3.392485E+3	9.485768E+2	2.000000E-6	6.794661E-3	-6.775278E-3	3.063960E+2	3.066500E+2
307.138500E+0	3.349614E+3	9.531530E+2	2.000000E-6	6.703987E-3	-6.694471E-3	3.070110E+2	3.072660E+2
307.755500E+0	3.310478E+3	9.577207E+2	2.000000E-6	6.630828E-3	-6.611084E-3	3.076280E+2	3.078830E+2
308.361000E+0	3.260856E+3	9.622933E+2	2.000000E-6	6.534588E-3	-6.508837E-3	3.082330E+2	3.084890E+2
308.981500E+0	3.213120E+3	9.668819E+2	2.000000E-6	6.439701E-3	-6.412778E-3	3.088530E+2	3.091100E+2
309.603500E+0	3.169053E+3	9.714651E+2	2.000000E-6	6.344439E-3	-6.331771E-3	3.094750E+2	3.097320E+2
310.225000E+0	3.128327E+3	9.760554E+2	2.000000E-6	6.269435E-3	-6.243875E-3	3.100970E+2	3.103530E+2
310.845500E+0	3.088009E+3	9.806266E+2	2.000000E-6	6.190018E-3	-6.162018E-3	3.107180E+2	3.109730E+2
311.450500E+0	3.040406E+3	9.851972E+2	2.000000E-6	6.090133E-3	-6.071492E-3	3.113230E+2	3.115780E+2
312.067500E+0	3.002039E+3	9.897806E+2	2.000000E-6	6.008520E-3	-5.999636E-3	3.119400E+2	3.121950E+2
312.684000E+0	2.960845E+3	9.943680E+2	2.000000E-6	5.933189E-3	-5.910193E-3	3.125570E+2	3.128110E+2
313.299000E+0	2.920112E+3	9.989582E+2	2.000000E-6	5.849496E-3	-5.830953E-3	3.131720E+2	3.134260E+2
313.914000E+0	2.880922E+3	1.003526E+3	2.000000E-6	5.769280E-3	-5.754409E-3	3.137870E+2	3.140410E+2
314.516500E+0	2.836156E+3	1.008101E+3	2.000000E-6	5.683549E-3	-5.661075E-3	3.143890E+2	3.146440E+2
315.134500E+0	2.791071E+3	1.012686E+3	2.000000E-6	5.594698E-3	-5.569585E-3	3.150060E+2	3.152630E+2
315.758000E+0	2.747021E+3	1.017272E+3	2.000000E-6	5.507449E-3	-5.480636E-3	3.156290E+2	3.158870E+2
316.380000E+0	2.701950E+3	1.021858E+3	2.000000E-6	5.412097E-3	-5.395705E-3	3.162520E+2	3.165080E+2
316.998500E+0	2.645195E+3	1.026432E+3	2.000000E-6	5.301221E-3	-5.279557E-3	3.168710E+2	3.171260E+2
317.599500E+0	2.600289E+3	1.031006E+3	2.000000E-6	5.208168E-3	-5.192988E-3	3.174730E+2	3.177260E+2
318.211000E+0	2.572319E+3	1.035590E+3	2.000000E-6	5.156068E-3	-5.133206E-3	3.180850E+2	3.183370E+2
318.822500E+0	2.532946E+3	1.040173E+3	2.000000E-6	5.087996E-3	-5.043788E-3	3.186960E+2	3.189490E+2
319.434500E+0	2.489118E+3	1.044760E+3	2.000000E-6	4.992838E-3	-4.963635E-3	3.193080E+2	3.195610E+2
320.041500E+0	2.449457E+3	1.049329E+3	2.000000E-6	4.909557E-3	-4.888271E-3	3.199080E+2	3.201750E+2
320.650500E+0	2.408376E+3	1.053899E+3	2.000000E-6	4.830084E-3	-4.803419E-3	3.205230E+2	3.207780E+2
321.266500E+0	2.339710E+3	1.058489E+3	2.000000E-6	4.752018E-3	-4.606822E-3	3.211390E+2	3.213940E+2
321.882500E+0	2.276551E+3	1.063065E+3	2.000000E-6	4.564384E-3	-4.541819E-3	3.217550E+2	3.220100E+2
322.499000E+0	2.240716E+3	1.067633E+3	2.000000E-6	4.495516E-3	-4.467348E-3	3.223720E+2	3.226260E+2
323.101000E+0	2.205008E+3	1.072209E+3	2.000000E-6	4.422382E-3	-4.397650E-3	3.229740E+2	3.232280E+2
323.716500E+0	2.163828E+3	1.076789E+3	2.000000E-6	4.345484E-3	-4.309827E-3	3.235890E+2	3.238440E+2
324.331500E+0	2.127100E+3	1.081378E+3	2.000000E-6	4.270745E-3	-4.237654E-3	3.242040E+2	3.244590E+2
324.947000E+0	2.085574E+3	1.085945E+3	2.000000E-6	4.184568E-3	-4.157729E-3	3.248200E+2	3.250740E+2
325.548000E+0	2.042957E+3	1.090512E+3	2.000000E-6	4.110291E-3	-4.061536E-3	3.254210E+2	3.256750E+2
326.164000E+0	1.999003E+3	1.095097E+3	2.000000E-6	4.013601E-3	-3.982413E-3	3.260370E+2	3.262910E+2
326.779000E+0	1.950229E+3	1.099679E+3	2.000000E-6	3.918911E-3	-3.882005E-3	3.266520E+2	3.269060E+2
327.395000E+0	1.911083E+3	1.104267E+3	2.000000E-6	3.836222E-3	-3.808110E-3	3.272680E+2	3.275220E+2
328.004500E+0	1.864491E+3	1.108837E+3	2.000000E-6	3.749879E-3	-3.708084E-3	3.278710E+2	3.281380E+2
328.613500E+0	1.813314E+3	1.113409E+3	2.000000E-6	3.649460E-3	-3.603796E-3	3.284860E+2	3.287410E+2
329.230000E+0	1.757532E+3	1.117981E+3	2.000000E-6	3.532136E-3	-3.497991E-3	3.291030E+2	3.293570E+2
329.846500E+0	1.677670E+3	1.122548E+3	2.000000E-6	3.374765E-3	-3.335915E-3	3.297190E+2	3.299740E+2
330.457500E+0	1.623589E+3	1.127133E+3	2.000000E-6	3.267589E-3	-3.226768E-3	3.303230E+2	3.305920E+2
331.070000E+0	1.570262E+3	1.131713E+3	2.000000E-6	3.162822E-3	-3.118227E-3	3.309420E+2	3.311980E+2
331.689500E+0	1.507363E+3	1.136300E+3	2.000000E-6	3.053943E-3	-2.975510E-3	3.315620E+2	3.318170E+2
332.308500E+0	1.433858E+3	1.140883E+3	2.000000E-6	2.894183E-3	-2.841251E-3	3.321810E+2	3.324360E+2
332.925500E+0	1.368260E+3	1.145455E+3	2.000000E-6	2.762160E-3	-2.710879E-3	3.327980E+2	3.330530E+2
333.525500E+0	1.148025E+3	1.150024E+3	2.000000E-6	2.398857E-3	-2.193244E-3	3.333990E+2	3.336520E+2
334.137000E+0	1.046644E+3	1.154612E+3	2.000000E-6	2.127273E-3	-2.059304E-3	3.340110E+2	3.342630E+2
334.747000E+0	9.873842E+2	1.159202E+3	2.000000E-6	1.996721E-3	-1.952816E-3	3.346210E+2	3.348730E+2
335.357000E+0	9.341770E+2	1.163785E+3	2.000000E-6	1.890611E-3	-1.846097E-3	3.352310E+2	3.354830E+2
335.967000E+0	8.611330E+2	1.168374E+3	2.000000E-6	1.747081E-3	-1.697451E-3	3.358410E+2	3.360930E+2
336.577500E+0	7.979533E+2	1.172945E+3	2.000000E-6	1.627920E-3	-1.563893E-3	3.364510E+2	3.367040E+2
337.176500E+0	7.147260E+2	1.177520E+3	2.000000E-6	1.480710E-3	-1.378194E-3	3.370500E+2	3.373030E+2
337.789500E+0	6.332140E+2	1.182101E+3	2.000000E-6	1.299861E-3	-1.232995E-3	3.376630E+2	3.379160E+2
338.402500E+0	5.491940E+2	1.186690E+3	2.000000E-6	1.142253E-3	-1.054523E-3	3.382760E+2	3.385290E+2
339.015500E+0	4.486495E+2	1.191276E+3	2.000000E-6	9.444556E-4	-8.501423E-4	3.388890E+2	3.391420E+2
339.621000E+0	3.338720E+2	1.195843E+3	2.000000E-6	7.307510E-4	-6.047371E-4	3.394880E+2	3.397540E+2
340.226500E+0	2.122474E+2	1.200420E+3	2.000000E-6	4.661069E-4	-3.828828E-4	3.401000E+2	3.403530E+2
340.839500E+0	1.347614E+2	1.205005E+3	2.000000E-6	2.984452E-4	-2.406002E-4	3.407130E+2	3.409660E+2
341.452000E+0	8.994282E+1	1.209592E+3	2.000000E-6	1.988532E-4	-1.609181E-4	3.413260E+2	3.415780E+2
342.065500E+0	6.363810E+1	1.214178E+3	2.000000E-6	1.401573E-4	-1.143951E-4	3.419390E+2	3.421920E+2
342.672500E+0	4.896208E+1	1.218748E+3	2.000000E-6	1.082253E-4	-8.762301E-5	3.425390E+2	3.428060E+2
343.279500E+0	3.977355E+1	1.223321E+3	2.000000E-6	8.876288E-5	-7.033133E-5	3.431530E+2	3.434060E+2
343.892500E+0	3.415695E+1	1.227910E+3	2.000000E-6	7.618954E-5	-6.043824E-5	3.437660E+2	3.440190E+2
344.506000E+0	3.108485E+1	1.232495E+3	2.000000E-6	7.108281E-5	-5.325658E-5	3.443790E+2	3.446330E+2
345.119500E+0	2.758192E+1	1.237060E+3	2.000000E-6	6.261891E-5	-4.770878E-5	3.449930E+2	3.452460E+2
345.718500E+0	2.556610E+1	1.241636E+3	2.000000E-6	5.865569E-5	-4.360870E-5	3.455920E+2	3.458450E+2
346.331500E+0	2.410255E+1	1.246222E+3	2.000000E-6	5.593496E-5	-4.047525E-5	3.462050E+2	3.464580E+2
346.944500E+0	2.286062E+1	1.250811E+3	2.000000E-6	5.375176E-5	-3.769074E-5	3.468180E+2	3.470710E+2
347.557500E+0	2.198947E+1	1.255395E+3	2.000000E-6	5.225232E-5	-3.570554E-5	3.474310E+2	3.476840E+2
348.170500E+0	2.133049E+1	1.259964E+3	2.000000E-6	5.109944E-5	-3.422251E-5	3.480440E+2	3.482970E+2
348.770000E+0	2.086070E+1	1.264536E+3	2.000000E-6	5.023646E-5	-3.320634E-5	3.486430E+2	3.488970E+2
349.383500E+0	2.025654E+1	1.269112E+3	2.000000E-6	4.942779E-5	-3.159836E-5	3.492570E+2	3.495100E+2
349.997000E+0	1.988993E+1	1.273701E+3	2.000000E-6	4.901999E-5	-3.053971E-5	3.498700E+2	3.501240E+2
350.611000E+0	1.961348E+1	1.278286E+3	2.000000E-6	4.896808E-5	-2.948582E-5	3.504840E+2	3.507380E+2
351.217500E+0	1.941543E+1	1.282855E+3	2.000000E-6	4.874178E-5	-2.891995E-5	3.510840E+2	3.513510E+2
351.824500E+0	1.900578E+1	1.287426E+3	2.000000E-6	4.835038E-5	-2.767272E-5	3.516980E+2	3.519510E+2
352.437500E+0	1.883838E+1	1.292016E+3	2.000000E-6	4.833391E-5	-2.701962E-5	3.523110E+2	3.525640E+2
353.051500E+0	1.861675E+1	1.296599E+3	2.000000E-6	4.810283E-5	-2.636418E-5	3.529250E+2	3.531780E+2
353.665000E+0	1.844286E+1	1.301172E+3	2.000000E-6	4.806274E-5	-2.570871E-5	3.535380E+2	3.537920E+2
354.266000E+0	1.838096E+1	1.305734E+3	2.000000E-6	4.837157E-5	-2.515229E-5	3.541390E+2	3.543930E+2
354.880500E+0	1.825248E+1	1.310320E+3	2.000000E-6	4.854844E-5	-2.446147E-5	3.547540E+2	3.550070E+2
355.501500E+0	1.816465E+1	1.314904E+3	2.000000E-6	4.861918E-5	-2.403944E-5	3.553730E+2	3.556300E+2
356.123000E+0	1.804913E+1	1.319492E+3	2.000000E-6	4.873471E-5	-2.346180E-5	3.559950E+2	3.562510E+2
356.742500E+0	1.796246E+1	1.324066E+3	2.000000E-6	4.878179E-5	-2.306805E-5	3.566150E+2	3.568700E+2
357.344000E+0	1.789351E+1	1.328635E+3	2.000000E-6	4.891622E-5	-2.265780E-5	3.572180E+2	3.574700E+2
357.954000E+0	1.783634E+1	1.333223E+3	2.000000E-6	4.910722E-5	-2.223812E-5	3.578280E+2	3.580800E+2
358.561000E+0	1.777620E+1	1.337804E+3	2.000000E-6	4.920620E-5	-2.189861E-5	3.584360E+2	3.586860E+2
359.166500E+0	1.763650E+1	1.342393E+3	2.000000E-6	4.927690E-5	-2.126909E-5	3.590410E+2	3.592920E+2
359.776000E+0	1.773198E+1	1.346967E+3	2.000000E-6	4.983332E-5	-2.109462E-5	3.596500E+2	3.599020E+2
360.375000E+0	1.763179E+1	1.351537E+3	2.000000E-6	5.028603E-5	-2.024112E-5	3.602480E+2	3.605020E+2
360.991500E+0	1.764888E+1	1.356123E+3	2.000000E-6	5.048409E-5	-2.011144E-5	3.608640E+2	3.611190E+2
361.610000E+0	1.752097E+1	1.360707E+3	2.000000E-6	5.075991E-5	-1.932396E-5	3.614820E+2	3.617380E+2
362.228500E+0	1.759111E+1	1.365296E+3	2.000000E-6	5.107348E-5	-1.929095E-5	3.621010E+2	3.623560E+2
362.845000E+0	1.752627E+1	1.369865E+3	2.000000E-6	5.160162E-5	-1.850346E-5	3.627180E+2	3.629720E+2
363.445500E+0	1.747853E+1	1.374435E+3	2.000000E-6	5.163462E-5	-1.827948E-5	3.633190E+2	3.635720E+2
364.056500E+0	1.750858E+1	1.379024E+3	2.000000E-6	5.240084E-5	-1.763346E-5	3.639300E+2	3.641830E+2
364.667000E+0	1.743489E+1	1.383611E+3	2.000000E-6	5.255172E-5	-1.718784E-5	3.645410E+2	3.647930E+2
365.277000E+0	1.744019E+1	1.388178E+3	2.000000E-6	5.312226E-5	-1.663849E-5	3.651510E+2	3.654030E+2
365.875500E+0	1.747320E+1	1.392752E+3	2.000000E-6	5.331561E-5	-1.657719E-5	3.657490E+2	3.660020E+2
366.490000E+0	1.750148E+1	1.397330E+3	2.000000E-6	5.382484E-5	-1.618109E-5	3.663630E+2	3.666170E+2
367.105000E+0	1.746258E+1	1.401912E+3	2.000000E-6	5.402054E-5	-1.582978E-5	3.669780E+2	3.672320E+2
367.720500E+0	1.737652E+1	1.406501E+3	2.000000E-6	5.413842E-5	-1.536767E-5	3.675930E+2	3.678480E+2
368.336000E+0	1.737828E+1	1.411074E+3	2.000000E-6	5.474197E-5	-1.477116E-5	3.682090E+2	3.684630E+2
368.937000E+0	1.744253E+1	1.415643E+3	2.000000E-6	5.530076E-5	-1.446937E-5	3.688100E+2	3.690640E+2
369.550500E+0	1.749852E+1	1.420229E+3	2.000000E-6	5.568739E-5	-1.430668E-5	3.694240E+2	3.696770E+2
370.162500E+0	1.751208E+1	1.424813E+3	2.000000E-6	5.626740E-5	-1.378091E-5	3.700360E+2	3.702890E+2
